(kicad_pcb (version 20171130) (host pcbnew 5.0.1-33cea8e~68~ubuntu18.04.1)

  (general
    (thickness 1.6)
    (drawings 0)
    (tracks 0)
    (zones 0)
    (modules 137)
    (nets 158)
  )

  (page A4)
  (layers
    (0 F.Cu signal)
    (31 B.Cu signal)
    (32 B.Adhes user)
    (33 F.Adhes user)
    (34 B.Paste user)
    (35 F.Paste user)
    (36 B.SilkS user)
    (37 F.SilkS user)
    (38 B.Mask user)
    (39 F.Mask user)
    (40 Dwgs.User user)
    (41 Cmts.User user)
    (42 Eco1.User user)
    (43 Eco2.User user)
    (44 Edge.Cuts user)
    (45 Margin user)
    (46 B.CrtYd user)
    (47 F.CrtYd user)
    (48 B.Fab user)
    (49 F.Fab user)
  )

  (setup
    (last_trace_width 0.25)
    (trace_clearance 0.2)
    (zone_clearance 0.508)
    (zone_45_only no)
    (trace_min 0.2)
    (segment_width 0.2)
    (edge_width 0.15)
    (via_size 0.8)
    (via_drill 0.4)
    (via_min_size 0.4)
    (via_min_drill 0.3)
    (uvia_size 0.3)
    (uvia_drill 0.1)
    (uvias_allowed no)
    (uvia_min_size 0.2)
    (uvia_min_drill 0.1)
    (pcb_text_width 0.3)
    (pcb_text_size 1.5 1.5)
    (mod_edge_width 0.15)
    (mod_text_size 1 1)
    (mod_text_width 0.15)
    (pad_size 1.524 1.524)
    (pad_drill 0.762)
    (pad_to_mask_clearance 0.051)
    (solder_mask_min_width 0.25)
    (aux_axis_origin 0 0)
    (visible_elements FFFFF77F)
    (pcbplotparams
      (layerselection 0x010fc_ffffffff)
      (usegerberextensions false)
      (usegerberattributes false)
      (usegerberadvancedattributes false)
      (creategerberjobfile false)
      (excludeedgelayer true)
      (linewidth 0.100000)
      (plotframeref false)
      (viasonmask false)
      (mode 1)
      (useauxorigin false)
      (hpglpennumber 1)
      (hpglpenspeed 20)
      (hpglpendiameter 15.000000)
      (psnegative false)
      (psa4output false)
      (plotreference true)
      (plotvalue true)
      (plotinvisibletext false)
      (padsonsilk false)
      (subtractmaskfromsilk false)
      (outputformat 1)
      (mirror false)
      (drillshape 1)
      (scaleselection 1)
      (outputdirectory ""))
  )

  (net 0 "")
  (net 1 "Net-(A1-Pad1)")
  (net 2 "Net-(A1-Pad17)")
  (net 3 "Net-(A1-Pad2)")
  (net 4 "Net-(A1-Pad18)")
  (net 5 "Net-(A1-Pad28)")
  (net 6 "Net-(A1-Pad19)")
  (net 7 GND)
  (net 8 "Net-(A1-Pad20)")
  (net 9 "Net-(A1-Pad5)")
  (net 10 "Net-(A1-Pad21)")
  (net 11 "Net-(A1-Pad6)")
  (net 12 "Net-(A1-Pad22)")
  (net 13 "Net-(A1-Pad7)")
  (net 14 "Net-(A1-Pad23)")
  (net 15 "Net-(A1-Pad8)")
  (net 16 "Net-(A1-Pad24)")
  (net 17 "Net-(A1-Pad9)")
  (net 18 "Net-(A1-Pad25)")
  (net 19 "Net-(A1-Pad10)")
  (net 20 "Net-(A1-Pad26)")
  (net 21 "Net-(A1-Pad11)")
  (net 22 +5V)
  (net 23 "Net-(A1-Pad12)")
  (net 24 "Net-(A1-Pad13)")
  (net 25 "Net-(A1-Pad14)")
  (net 26 "Net-(A1-Pad30)")
  (net 27 "Net-(A1-Pad15)")
  (net 28 "Net-(A1-Pad16)")
  (net 29 "Net-(C2-Pad2)")
  (net 30 "Net-(C2-Pad1)")
  (net 31 "Net-(D28-Pad2)")
  (net 32 "Net-(D29-Pad2)")
  (net 33 "Net-(D30-Pad2)")
  (net 34 "Net-(D31-Pad2)")
  (net 35 "Net-(D32-Pad2)")
  (net 36 "Net-(D33-Pad2)")
  (net 37 "Net-(D34-Pad2)")
  (net 38 "Net-(D35-Pad2)")
  (net 39 "Net-(D36-Pad2)")
  (net 40 "Net-(D36-Pad3)")
  (net 41 "Net-(D36-Pad4)")
  (net 42 "Net-(D37-Pad2)")
  (net 43 "Net-(D38-Pad2)")
  (net 44 "Net-(D39-Pad2)")
  (net 45 "Net-(J1-Pad2)")
  (net 46 "Net-(J1-Pad3)")
  (net 47 "Net-(J1-Pad5)")
  (net 48 "Net-(J2-Pad1)")
  (net 49 "Net-(J3-Pad1)")
  (net 50 "Net-(J4-Pad1)")
  (net 51 "Net-(J5-Pad1)")
  (net 52 "Net-(J5-Pad2)")
  (net 53 "Net-(J5-Pad3)")
  (net 54 "Net-(J6-Pad3)")
  (net 55 "Net-(J6-Pad2)")
  (net 56 "Net-(J6-Pad1)")
  (net 57 "Net-(J7-Pad1)")
  (net 58 "Net-(J7-Pad2)")
  (net 59 "Net-(J7-Pad3)")
  (net 60 "Net-(J8-Pad3)")
  (net 61 "Net-(J8-Pad2)")
  (net 62 "Net-(J8-Pad1)")
  (net 63 "Net-(J9-Pad1)")
  (net 64 "Net-(J9-Pad2)")
  (net 65 "Net-(J9-Pad3)")
  (net 66 "Net-(J10-Pad3)")
  (net 67 "Net-(J10-Pad2)")
  (net 68 "Net-(J10-Pad1)")
  (net 69 "Net-(J11-Pad1)")
  (net 70 "Net-(J11-Pad2)")
  (net 71 "Net-(J11-Pad3)")
  (net 72 "Net-(J12-Pad3)")
  (net 73 "Net-(J12-Pad2)")
  (net 74 "Net-(J12-Pad1)")
  (net 75 "Net-(J13-Pad1)")
  (net 76 "Net-(J13-Pad2)")
  (net 77 "Net-(J13-Pad3)")
  (net 78 "Net-(R4-Pad1)")
  (net 79 "Net-(R5-Pad1)")
  (net 80 "Net-(R6-Pad1)")
  (net 81 "Net-(R36-Pad2)")
  (net 82 "Net-(R9-Pad1)")
  (net 83 "Net-(R10-Pad1)")
  (net 84 "Net-(R11-Pad1)")
  (net 85 "Net-(R12-Pad1)")
  (net 86 "Net-(R13-Pad1)")
  (net 87 "Net-(R14-Pad1)")
  (net 88 "Net-(R15-Pad1)")
  (net 89 "Net-(R16-Pad1)")
  (net 90 "Net-(R17-Pad1)")
  (net 91 "Net-(R18-Pad1)")
  (net 92 "Net-(R19-Pad1)")
  (net 93 "Net-(R20-Pad1)")
  (net 94 "Net-(R21-Pad1)")
  (net 95 "Net-(R22-Pad1)")
  (net 96 "Net-(R23-Pad1)")
  (net 97 "Net-(R24-Pad1)")
  (net 98 "Net-(R25-Pad1)")
  (net 99 "Net-(R26-Pad1)")
  (net 100 "Net-(R27-Pad1)")
  (net 101 "Net-(R28-Pad1)")
  (net 102 "Net-(R29-Pad1)")
  (net 103 "Net-(R30-Pad1)")
  (net 104 "Net-(R31-Pad1)")
  (net 105 "Net-(R32-Pad1)")
  (net 106 "Net-(R33-Pad1)")
  (net 107 "Net-(R34-Pad1)")
  (net 108 "Net-(R35-Pad1)")
  (net 109 "Net-(R36-Pad1)")
  (net 110 "Net-(R37-Pad1)")
  (net 111 "Net-(R39-Pad2)")
  (net 112 "Net-(R40-Pad2)")
  (net 113 "Net-(R41-Pad2)")
  (net 114 "Net-(R42-Pad2)")
  (net 115 "Net-(R43-Pad1)")
  (net 116 "Net-(R44-Pad1)")
  (net 117 "Net-(R45-Pad1)")
  (net 118 "Net-(R46-Pad1)")
  (net 119 "Net-(R47-Pad1)")
  (net 120 "Net-(R48-Pad1)")
  (net 121 "Net-(R49-Pad1)")
  (net 122 "Net-(R50-Pad1)")
  (net 123 "Net-(R53-Pad2)")
  (net 124 "Net-(R54-Pad2)")
  (net 125 "Net-(R55-Pad2)")
  (net 126 "Net-(R58-Pad1)")
  (net 127 "Net-(R59-Pad1)")
  (net 128 "Net-(R60-Pad1)")
  (net 129 "Net-(R67-Pad2)")
  (net 130 "Net-(R68-Pad2)")
  (net 131 "Net-(R70-Pad2)")
  (net 132 "Net-(R71-Pad1)")
  (net 133 "Net-(R72-Pad1)")
  (net 134 "Net-(R73-Pad1)")
  (net 135 "Net-(R74-Pad1)")
  (net 136 "Net-(R75-Pad2)")
  (net 137 "Net-(R75-Pad1)")
  (net 138 "Net-(R76-Pad1)")
  (net 139 "Net-(R77-Pad1)")
  (net 140 "Net-(R78-Pad1)")
  (net 141 "Net-(R79-Pad1)")
  (net 142 "Net-(R80-Pad2)")
  (net 143 "Net-(R80-Pad1)")
  (net 144 "Net-(R81-Pad1)")
  (net 145 "Net-(R82-Pad1)")
  (net 146 "Net-(R83-Pad1)")
  (net 147 "Net-(R84-Pad1)")
  (net 148 "Net-(R85-Pad1)")
  (net 149 "Net-(R85-Pad2)")
  (net 150 "Net-(R86-Pad1)")
  (net 151 "Net-(R87-Pad1)")
  (net 152 "Net-(R88-Pad1)")
  (net 153 "Net-(R89-Pad1)")
  (net 154 "Net-(U1-Pad9)")
  (net 155 "Net-(U5-Pad7)")
  (net 156 "Net-(U5-Pad6)")
  (net 157 "Net-(U5-Pad9)")

  (net_class Default "This is the default net class."
    (clearance 0.2)
    (trace_width 0.25)
    (via_dia 0.8)
    (via_drill 0.4)
    (uvia_dia 0.3)
    (uvia_drill 0.1)
    (add_net +5V)
    (add_net GND)
    (add_net "Net-(A1-Pad1)")
    (add_net "Net-(A1-Pad10)")
    (add_net "Net-(A1-Pad11)")
    (add_net "Net-(A1-Pad12)")
    (add_net "Net-(A1-Pad13)")
    (add_net "Net-(A1-Pad14)")
    (add_net "Net-(A1-Pad15)")
    (add_net "Net-(A1-Pad16)")
    (add_net "Net-(A1-Pad17)")
    (add_net "Net-(A1-Pad18)")
    (add_net "Net-(A1-Pad19)")
    (add_net "Net-(A1-Pad2)")
    (add_net "Net-(A1-Pad20)")
    (add_net "Net-(A1-Pad21)")
    (add_net "Net-(A1-Pad22)")
    (add_net "Net-(A1-Pad23)")
    (add_net "Net-(A1-Pad24)")
    (add_net "Net-(A1-Pad25)")
    (add_net "Net-(A1-Pad26)")
    (add_net "Net-(A1-Pad28)")
    (add_net "Net-(A1-Pad30)")
    (add_net "Net-(A1-Pad5)")
    (add_net "Net-(A1-Pad6)")
    (add_net "Net-(A1-Pad7)")
    (add_net "Net-(A1-Pad8)")
    (add_net "Net-(A1-Pad9)")
    (add_net "Net-(C2-Pad1)")
    (add_net "Net-(C2-Pad2)")
    (add_net "Net-(D28-Pad2)")
    (add_net "Net-(D29-Pad2)")
    (add_net "Net-(D30-Pad2)")
    (add_net "Net-(D31-Pad2)")
    (add_net "Net-(D32-Pad2)")
    (add_net "Net-(D33-Pad2)")
    (add_net "Net-(D34-Pad2)")
    (add_net "Net-(D35-Pad2)")
    (add_net "Net-(D36-Pad2)")
    (add_net "Net-(D36-Pad3)")
    (add_net "Net-(D36-Pad4)")
    (add_net "Net-(D37-Pad2)")
    (add_net "Net-(D38-Pad2)")
    (add_net "Net-(D39-Pad2)")
    (add_net "Net-(J1-Pad2)")
    (add_net "Net-(J1-Pad3)")
    (add_net "Net-(J1-Pad5)")
    (add_net "Net-(J10-Pad1)")
    (add_net "Net-(J10-Pad2)")
    (add_net "Net-(J10-Pad3)")
    (add_net "Net-(J11-Pad1)")
    (add_net "Net-(J11-Pad2)")
    (add_net "Net-(J11-Pad3)")
    (add_net "Net-(J12-Pad1)")
    (add_net "Net-(J12-Pad2)")
    (add_net "Net-(J12-Pad3)")
    (add_net "Net-(J13-Pad1)")
    (add_net "Net-(J13-Pad2)")
    (add_net "Net-(J13-Pad3)")
    (add_net "Net-(J2-Pad1)")
    (add_net "Net-(J3-Pad1)")
    (add_net "Net-(J4-Pad1)")
    (add_net "Net-(J5-Pad1)")
    (add_net "Net-(J5-Pad2)")
    (add_net "Net-(J5-Pad3)")
    (add_net "Net-(J6-Pad1)")
    (add_net "Net-(J6-Pad2)")
    (add_net "Net-(J6-Pad3)")
    (add_net "Net-(J7-Pad1)")
    (add_net "Net-(J7-Pad2)")
    (add_net "Net-(J7-Pad3)")
    (add_net "Net-(J8-Pad1)")
    (add_net "Net-(J8-Pad2)")
    (add_net "Net-(J8-Pad3)")
    (add_net "Net-(J9-Pad1)")
    (add_net "Net-(J9-Pad2)")
    (add_net "Net-(J9-Pad3)")
    (add_net "Net-(R10-Pad1)")
    (add_net "Net-(R11-Pad1)")
    (add_net "Net-(R12-Pad1)")
    (add_net "Net-(R13-Pad1)")
    (add_net "Net-(R14-Pad1)")
    (add_net "Net-(R15-Pad1)")
    (add_net "Net-(R16-Pad1)")
    (add_net "Net-(R17-Pad1)")
    (add_net "Net-(R18-Pad1)")
    (add_net "Net-(R19-Pad1)")
    (add_net "Net-(R20-Pad1)")
    (add_net "Net-(R21-Pad1)")
    (add_net "Net-(R22-Pad1)")
    (add_net "Net-(R23-Pad1)")
    (add_net "Net-(R24-Pad1)")
    (add_net "Net-(R25-Pad1)")
    (add_net "Net-(R26-Pad1)")
    (add_net "Net-(R27-Pad1)")
    (add_net "Net-(R28-Pad1)")
    (add_net "Net-(R29-Pad1)")
    (add_net "Net-(R30-Pad1)")
    (add_net "Net-(R31-Pad1)")
    (add_net "Net-(R32-Pad1)")
    (add_net "Net-(R33-Pad1)")
    (add_net "Net-(R34-Pad1)")
    (add_net "Net-(R35-Pad1)")
    (add_net "Net-(R36-Pad1)")
    (add_net "Net-(R36-Pad2)")
    (add_net "Net-(R37-Pad1)")
    (add_net "Net-(R39-Pad2)")
    (add_net "Net-(R4-Pad1)")
    (add_net "Net-(R40-Pad2)")
    (add_net "Net-(R41-Pad2)")
    (add_net "Net-(R42-Pad2)")
    (add_net "Net-(R43-Pad1)")
    (add_net "Net-(R44-Pad1)")
    (add_net "Net-(R45-Pad1)")
    (add_net "Net-(R46-Pad1)")
    (add_net "Net-(R47-Pad1)")
    (add_net "Net-(R48-Pad1)")
    (add_net "Net-(R49-Pad1)")
    (add_net "Net-(R5-Pad1)")
    (add_net "Net-(R50-Pad1)")
    (add_net "Net-(R53-Pad2)")
    (add_net "Net-(R54-Pad2)")
    (add_net "Net-(R55-Pad2)")
    (add_net "Net-(R58-Pad1)")
    (add_net "Net-(R59-Pad1)")
    (add_net "Net-(R6-Pad1)")
    (add_net "Net-(R60-Pad1)")
    (add_net "Net-(R67-Pad2)")
    (add_net "Net-(R68-Pad2)")
    (add_net "Net-(R70-Pad2)")
    (add_net "Net-(R71-Pad1)")
    (add_net "Net-(R72-Pad1)")
    (add_net "Net-(R73-Pad1)")
    (add_net "Net-(R74-Pad1)")
    (add_net "Net-(R75-Pad1)")
    (add_net "Net-(R75-Pad2)")
    (add_net "Net-(R76-Pad1)")
    (add_net "Net-(R77-Pad1)")
    (add_net "Net-(R78-Pad1)")
    (add_net "Net-(R79-Pad1)")
    (add_net "Net-(R80-Pad1)")
    (add_net "Net-(R80-Pad2)")
    (add_net "Net-(R81-Pad1)")
    (add_net "Net-(R82-Pad1)")
    (add_net "Net-(R83-Pad1)")
    (add_net "Net-(R84-Pad1)")
    (add_net "Net-(R85-Pad1)")
    (add_net "Net-(R85-Pad2)")
    (add_net "Net-(R86-Pad1)")
    (add_net "Net-(R87-Pad1)")
    (add_net "Net-(R88-Pad1)")
    (add_net "Net-(R89-Pad1)")
    (add_net "Net-(R9-Pad1)")
    (add_net "Net-(U1-Pad9)")
    (add_net "Net-(U5-Pad6)")
    (add_net "Net-(U5-Pad7)")
    (add_net "Net-(U5-Pad9)")
  )

  (module Module:Arduino_Nano (layer F.Cu) (tedit 58ACAF70) (tstamp 5BFC7E0D)
    (at 65.055001 67.585001)
    (descr "Arduino Nano, http://www.mouser.com/pdfdocs/Gravitech_Arduino_Nano3_0.pdf")
    (tags "Arduino Nano")
    (path /5BDCE7A4)
    (fp_text reference A1 (at 7.62 -5.08) (layer F.SilkS)
      (effects (font (size 1 1) (thickness 0.15)))
    )
    (fp_text value Arduino_Nano_v3.x (at 8.89 19.05 90) (layer F.Fab)
      (effects (font (size 1 1) (thickness 0.15)))
    )
    (fp_text user %R (at 6.35 19.05 90) (layer F.Fab)
      (effects (font (size 1 1) (thickness 0.15)))
    )
    (fp_line (start 1.27 1.27) (end 1.27 -1.27) (layer F.SilkS) (width 0.12))
    (fp_line (start 1.27 -1.27) (end -1.4 -1.27) (layer F.SilkS) (width 0.12))
    (fp_line (start -1.4 1.27) (end -1.4 39.5) (layer F.SilkS) (width 0.12))
    (fp_line (start -1.4 -3.94) (end -1.4 -1.27) (layer F.SilkS) (width 0.12))
    (fp_line (start 13.97 -1.27) (end 16.64 -1.27) (layer F.SilkS) (width 0.12))
    (fp_line (start 13.97 -1.27) (end 13.97 36.83) (layer F.SilkS) (width 0.12))
    (fp_line (start 13.97 36.83) (end 16.64 36.83) (layer F.SilkS) (width 0.12))
    (fp_line (start 1.27 1.27) (end -1.4 1.27) (layer F.SilkS) (width 0.12))
    (fp_line (start 1.27 1.27) (end 1.27 36.83) (layer F.SilkS) (width 0.12))
    (fp_line (start 1.27 36.83) (end -1.4 36.83) (layer F.SilkS) (width 0.12))
    (fp_line (start 3.81 31.75) (end 11.43 31.75) (layer F.Fab) (width 0.1))
    (fp_line (start 11.43 31.75) (end 11.43 41.91) (layer F.Fab) (width 0.1))
    (fp_line (start 11.43 41.91) (end 3.81 41.91) (layer F.Fab) (width 0.1))
    (fp_line (start 3.81 41.91) (end 3.81 31.75) (layer F.Fab) (width 0.1))
    (fp_line (start -1.4 39.5) (end 16.64 39.5) (layer F.SilkS) (width 0.12))
    (fp_line (start 16.64 39.5) (end 16.64 -3.94) (layer F.SilkS) (width 0.12))
    (fp_line (start 16.64 -3.94) (end -1.4 -3.94) (layer F.SilkS) (width 0.12))
    (fp_line (start 16.51 39.37) (end -1.27 39.37) (layer F.Fab) (width 0.1))
    (fp_line (start -1.27 39.37) (end -1.27 -2.54) (layer F.Fab) (width 0.1))
    (fp_line (start -1.27 -2.54) (end 0 -3.81) (layer F.Fab) (width 0.1))
    (fp_line (start 0 -3.81) (end 16.51 -3.81) (layer F.Fab) (width 0.1))
    (fp_line (start 16.51 -3.81) (end 16.51 39.37) (layer F.Fab) (width 0.1))
    (fp_line (start -1.53 -4.06) (end 16.75 -4.06) (layer F.CrtYd) (width 0.05))
    (fp_line (start -1.53 -4.06) (end -1.53 42.16) (layer F.CrtYd) (width 0.05))
    (fp_line (start 16.75 42.16) (end 16.75 -4.06) (layer F.CrtYd) (width 0.05))
    (fp_line (start 16.75 42.16) (end -1.53 42.16) (layer F.CrtYd) (width 0.05))
    (pad 1 thru_hole rect (at 0 0) (size 1.6 1.6) (drill 0.8) (layers *.Cu *.Mask)
      (net 1 "Net-(A1-Pad1)"))
    (pad 17 thru_hole oval (at 15.24 33.02) (size 1.6 1.6) (drill 0.8) (layers *.Cu *.Mask)
      (net 2 "Net-(A1-Pad17)"))
    (pad 2 thru_hole oval (at 0 2.54) (size 1.6 1.6) (drill 0.8) (layers *.Cu *.Mask)
      (net 3 "Net-(A1-Pad2)"))
    (pad 18 thru_hole oval (at 15.24 30.48) (size 1.6 1.6) (drill 0.8) (layers *.Cu *.Mask)
      (net 4 "Net-(A1-Pad18)"))
    (pad 3 thru_hole oval (at 0 5.08) (size 1.6 1.6) (drill 0.8) (layers *.Cu *.Mask)
      (net 5 "Net-(A1-Pad28)"))
    (pad 19 thru_hole oval (at 15.24 27.94) (size 1.6 1.6) (drill 0.8) (layers *.Cu *.Mask)
      (net 6 "Net-(A1-Pad19)"))
    (pad 4 thru_hole oval (at 0 7.62) (size 1.6 1.6) (drill 0.8) (layers *.Cu *.Mask)
      (net 7 GND))
    (pad 20 thru_hole oval (at 15.24 25.4) (size 1.6 1.6) (drill 0.8) (layers *.Cu *.Mask)
      (net 8 "Net-(A1-Pad20)"))
    (pad 5 thru_hole oval (at 0 10.16) (size 1.6 1.6) (drill 0.8) (layers *.Cu *.Mask)
      (net 9 "Net-(A1-Pad5)"))
    (pad 21 thru_hole oval (at 15.24 22.86) (size 1.6 1.6) (drill 0.8) (layers *.Cu *.Mask)
      (net 10 "Net-(A1-Pad21)"))
    (pad 6 thru_hole oval (at 0 12.7) (size 1.6 1.6) (drill 0.8) (layers *.Cu *.Mask)
      (net 11 "Net-(A1-Pad6)"))
    (pad 22 thru_hole oval (at 15.24 20.32) (size 1.6 1.6) (drill 0.8) (layers *.Cu *.Mask)
      (net 12 "Net-(A1-Pad22)"))
    (pad 7 thru_hole oval (at 0 15.24) (size 1.6 1.6) (drill 0.8) (layers *.Cu *.Mask)
      (net 13 "Net-(A1-Pad7)"))
    (pad 23 thru_hole oval (at 15.24 17.78) (size 1.6 1.6) (drill 0.8) (layers *.Cu *.Mask)
      (net 14 "Net-(A1-Pad23)"))
    (pad 8 thru_hole oval (at 0 17.78) (size 1.6 1.6) (drill 0.8) (layers *.Cu *.Mask)
      (net 15 "Net-(A1-Pad8)"))
    (pad 24 thru_hole oval (at 15.24 15.24) (size 1.6 1.6) (drill 0.8) (layers *.Cu *.Mask)
      (net 16 "Net-(A1-Pad24)"))
    (pad 9 thru_hole oval (at 0 20.32) (size 1.6 1.6) (drill 0.8) (layers *.Cu *.Mask)
      (net 17 "Net-(A1-Pad9)"))
    (pad 25 thru_hole oval (at 15.24 12.7) (size 1.6 1.6) (drill 0.8) (layers *.Cu *.Mask)
      (net 18 "Net-(A1-Pad25)"))
    (pad 10 thru_hole oval (at 0 22.86) (size 1.6 1.6) (drill 0.8) (layers *.Cu *.Mask)
      (net 19 "Net-(A1-Pad10)"))
    (pad 26 thru_hole oval (at 15.24 10.16) (size 1.6 1.6) (drill 0.8) (layers *.Cu *.Mask)
      (net 20 "Net-(A1-Pad26)"))
    (pad 11 thru_hole oval (at 0 25.4) (size 1.6 1.6) (drill 0.8) (layers *.Cu *.Mask)
      (net 21 "Net-(A1-Pad11)"))
    (pad 27 thru_hole oval (at 15.24 7.62) (size 1.6 1.6) (drill 0.8) (layers *.Cu *.Mask)
      (net 22 +5V))
    (pad 12 thru_hole oval (at 0 27.94) (size 1.6 1.6) (drill 0.8) (layers *.Cu *.Mask)
      (net 23 "Net-(A1-Pad12)"))
    (pad 28 thru_hole oval (at 15.24 5.08) (size 1.6 1.6) (drill 0.8) (layers *.Cu *.Mask)
      (net 5 "Net-(A1-Pad28)"))
    (pad 13 thru_hole oval (at 0 30.48) (size 1.6 1.6) (drill 0.8) (layers *.Cu *.Mask)
      (net 24 "Net-(A1-Pad13)"))
    (pad 29 thru_hole oval (at 15.24 2.54) (size 1.6 1.6) (drill 0.8) (layers *.Cu *.Mask)
      (net 7 GND))
    (pad 14 thru_hole oval (at 0 33.02) (size 1.6 1.6) (drill 0.8) (layers *.Cu *.Mask)
      (net 25 "Net-(A1-Pad14)"))
    (pad 30 thru_hole oval (at 15.24 0) (size 1.6 1.6) (drill 0.8) (layers *.Cu *.Mask)
      (net 26 "Net-(A1-Pad30)"))
    (pad 15 thru_hole oval (at 0 35.56) (size 1.6 1.6) (drill 0.8) (layers *.Cu *.Mask)
      (net 27 "Net-(A1-Pad15)"))
    (pad 16 thru_hole oval (at 15.24 35.56) (size 1.6 1.6) (drill 0.8) (layers *.Cu *.Mask)
      (net 28 "Net-(A1-Pad16)"))
    (model ${KISYS3DMOD}/Module.3dshapes/Arduino_Nano_WithMountingHoles.wrl
      (at (xyz 0 0 0))
      (scale (xyz 1 1 1))
      (rotate (xyz 0 0 0))
    )
  )

  (module Capacitor_THT:C_Disc_D4.7mm_W2.5mm_P5.00mm (layer F.Cu) (tedit 5AE50EF0) (tstamp 5BFC7E22)
    (at 161.465001 77.225001)
    (descr "C, Disc series, Radial, pin pitch=5.00mm, , diameter*width=4.7*2.5mm^2, Capacitor, http://www.vishay.com/docs/45233/krseries.pdf")
    (tags "C Disc series Radial pin pitch 5.00mm  diameter 4.7mm width 2.5mm Capacitor")
    (path /5BDCF018)
    (fp_text reference C1 (at 2.5 -2.5) (layer F.SilkS)
      (effects (font (size 1 1) (thickness 0.15)))
    )
    (fp_text value 100n (at 2.5 2.5) (layer F.Fab)
      (effects (font (size 1 1) (thickness 0.15)))
    )
    (fp_line (start 0.15 -1.25) (end 0.15 1.25) (layer F.Fab) (width 0.1))
    (fp_line (start 0.15 1.25) (end 4.85 1.25) (layer F.Fab) (width 0.1))
    (fp_line (start 4.85 1.25) (end 4.85 -1.25) (layer F.Fab) (width 0.1))
    (fp_line (start 4.85 -1.25) (end 0.15 -1.25) (layer F.Fab) (width 0.1))
    (fp_line (start 0.03 -1.37) (end 4.97 -1.37) (layer F.SilkS) (width 0.12))
    (fp_line (start 0.03 1.37) (end 4.97 1.37) (layer F.SilkS) (width 0.12))
    (fp_line (start 0.03 -1.37) (end 0.03 -1.055) (layer F.SilkS) (width 0.12))
    (fp_line (start 0.03 1.055) (end 0.03 1.37) (layer F.SilkS) (width 0.12))
    (fp_line (start 4.97 -1.37) (end 4.97 -1.055) (layer F.SilkS) (width 0.12))
    (fp_line (start 4.97 1.055) (end 4.97 1.37) (layer F.SilkS) (width 0.12))
    (fp_line (start -1.05 -1.5) (end -1.05 1.5) (layer F.CrtYd) (width 0.05))
    (fp_line (start -1.05 1.5) (end 6.05 1.5) (layer F.CrtYd) (width 0.05))
    (fp_line (start 6.05 1.5) (end 6.05 -1.5) (layer F.CrtYd) (width 0.05))
    (fp_line (start 6.05 -1.5) (end -1.05 -1.5) (layer F.CrtYd) (width 0.05))
    (fp_text user %R (at 2.5 0) (layer F.Fab)
      (effects (font (size 0.94 0.94) (thickness 0.141)))
    )
    (pad 1 thru_hole circle (at 0 0) (size 1.6 1.6) (drill 0.8) (layers *.Cu *.Mask)
      (net 22 +5V))
    (pad 2 thru_hole circle (at 5 0) (size 1.6 1.6) (drill 0.8) (layers *.Cu *.Mask)
      (net 7 GND))
    (model ${KISYS3DMOD}/Capacitor_THT.3dshapes/C_Disc_D4.7mm_W2.5mm_P5.00mm.wrl
      (at (xyz 0 0 0))
      (scale (xyz 1 1 1))
      (rotate (xyz 0 0 0))
    )
  )

  (module Capacitor_THT:C_Disc_D4.7mm_W2.5mm_P5.00mm (layer F.Cu) (tedit 5AE50EF0) (tstamp 5BFC7E37)
    (at 110.165001 128.625001)
    (descr "C, Disc series, Radial, pin pitch=5.00mm, , diameter*width=4.7*2.5mm^2, Capacitor, http://www.vishay.com/docs/45233/krseries.pdf")
    (tags "C Disc series Radial pin pitch 5.00mm  diameter 4.7mm width 2.5mm Capacitor")
    (path /5CFC6E84)
    (fp_text reference C2 (at 2.5 -2.5) (layer F.SilkS)
      (effects (font (size 1 1) (thickness 0.15)))
    )
    (fp_text value 100n (at 2.5 2.5) (layer F.Fab)
      (effects (font (size 1 1) (thickness 0.15)))
    )
    (fp_text user %R (at 2.5 0) (layer F.Fab)
      (effects (font (size 0.94 0.94) (thickness 0.141)))
    )
    (fp_line (start 6.05 -1.5) (end -1.05 -1.5) (layer F.CrtYd) (width 0.05))
    (fp_line (start 6.05 1.5) (end 6.05 -1.5) (layer F.CrtYd) (width 0.05))
    (fp_line (start -1.05 1.5) (end 6.05 1.5) (layer F.CrtYd) (width 0.05))
    (fp_line (start -1.05 -1.5) (end -1.05 1.5) (layer F.CrtYd) (width 0.05))
    (fp_line (start 4.97 1.055) (end 4.97 1.37) (layer F.SilkS) (width 0.12))
    (fp_line (start 4.97 -1.37) (end 4.97 -1.055) (layer F.SilkS) (width 0.12))
    (fp_line (start 0.03 1.055) (end 0.03 1.37) (layer F.SilkS) (width 0.12))
    (fp_line (start 0.03 -1.37) (end 0.03 -1.055) (layer F.SilkS) (width 0.12))
    (fp_line (start 0.03 1.37) (end 4.97 1.37) (layer F.SilkS) (width 0.12))
    (fp_line (start 0.03 -1.37) (end 4.97 -1.37) (layer F.SilkS) (width 0.12))
    (fp_line (start 4.85 -1.25) (end 0.15 -1.25) (layer F.Fab) (width 0.1))
    (fp_line (start 4.85 1.25) (end 4.85 -1.25) (layer F.Fab) (width 0.1))
    (fp_line (start 0.15 1.25) (end 4.85 1.25) (layer F.Fab) (width 0.1))
    (fp_line (start 0.15 -1.25) (end 0.15 1.25) (layer F.Fab) (width 0.1))
    (pad 2 thru_hole circle (at 5 0) (size 1.6 1.6) (drill 0.8) (layers *.Cu *.Mask)
      (net 29 "Net-(C2-Pad2)"))
    (pad 1 thru_hole circle (at 0 0) (size 1.6 1.6) (drill 0.8) (layers *.Cu *.Mask)
      (net 30 "Net-(C2-Pad1)"))
    (model ${KISYS3DMOD}/Capacitor_THT.3dshapes/C_Disc_D4.7mm_W2.5mm_P5.00mm.wrl
      (at (xyz 0 0 0))
      (scale (xyz 1 1 1))
      (rotate (xyz 0 0 0))
    )
  )

  (module LED_THT:LED_D3.0mm (layer F.Cu) (tedit 587A3A7B) (tstamp 5BFC7E4A)
    (at 166.525001 97.925001)
    (descr "LED, diameter 3.0mm, 2 pins")
    (tags "LED diameter 3.0mm 2 pins")
    (path /5D5CEC2E)
    (fp_text reference D28 (at 1.27 -2.96) (layer F.SilkS)
      (effects (font (size 1 1) (thickness 0.15)))
    )
    (fp_text value LED (at 1.27 2.96) (layer F.Fab)
      (effects (font (size 1 1) (thickness 0.15)))
    )
    (fp_line (start 3.7 -2.25) (end -1.15 -2.25) (layer F.CrtYd) (width 0.05))
    (fp_line (start 3.7 2.25) (end 3.7 -2.25) (layer F.CrtYd) (width 0.05))
    (fp_line (start -1.15 2.25) (end 3.7 2.25) (layer F.CrtYd) (width 0.05))
    (fp_line (start -1.15 -2.25) (end -1.15 2.25) (layer F.CrtYd) (width 0.05))
    (fp_line (start -0.29 1.08) (end -0.29 1.236) (layer F.SilkS) (width 0.12))
    (fp_line (start -0.29 -1.236) (end -0.29 -1.08) (layer F.SilkS) (width 0.12))
    (fp_line (start -0.23 -1.16619) (end -0.23 1.16619) (layer F.Fab) (width 0.1))
    (fp_circle (center 1.27 0) (end 2.77 0) (layer F.Fab) (width 0.1))
    (fp_arc (start 1.27 0) (end 0.229039 1.08) (angle -87.9) (layer F.SilkS) (width 0.12))
    (fp_arc (start 1.27 0) (end 0.229039 -1.08) (angle 87.9) (layer F.SilkS) (width 0.12))
    (fp_arc (start 1.27 0) (end -0.29 1.235516) (angle -108.8) (layer F.SilkS) (width 0.12))
    (fp_arc (start 1.27 0) (end -0.29 -1.235516) (angle 108.8) (layer F.SilkS) (width 0.12))
    (fp_arc (start 1.27 0) (end -0.23 -1.16619) (angle 284.3) (layer F.Fab) (width 0.1))
    (pad 2 thru_hole circle (at 2.54 0) (size 1.8 1.8) (drill 0.9) (layers *.Cu *.Mask)
      (net 31 "Net-(D28-Pad2)"))
    (pad 1 thru_hole rect (at 0 0) (size 1.8 1.8) (drill 0.9) (layers *.Cu *.Mask)
      (net 7 GND))
    (model ${KISYS3DMOD}/LED_THT.3dshapes/LED_D3.0mm.wrl
      (at (xyz 0 0 0))
      (scale (xyz 1 1 1))
      (rotate (xyz 0 0 0))
    )
  )

  (module LED_THT:LED_D3.0mm (layer F.Cu) (tedit 587A3A7B) (tstamp 5BFC7E5D)
    (at 176.885001 89.225001)
    (descr "LED, diameter 3.0mm, 2 pins")
    (tags "LED diameter 3.0mm 2 pins")
    (path /5D5F12E7)
    (fp_text reference D29 (at 1.27 -2.96) (layer F.SilkS)
      (effects (font (size 1 1) (thickness 0.15)))
    )
    (fp_text value LED (at 1.27 2.96) (layer F.Fab)
      (effects (font (size 1 1) (thickness 0.15)))
    )
    (fp_arc (start 1.27 0) (end -0.23 -1.16619) (angle 284.3) (layer F.Fab) (width 0.1))
    (fp_arc (start 1.27 0) (end -0.29 -1.235516) (angle 108.8) (layer F.SilkS) (width 0.12))
    (fp_arc (start 1.27 0) (end -0.29 1.235516) (angle -108.8) (layer F.SilkS) (width 0.12))
    (fp_arc (start 1.27 0) (end 0.229039 -1.08) (angle 87.9) (layer F.SilkS) (width 0.12))
    (fp_arc (start 1.27 0) (end 0.229039 1.08) (angle -87.9) (layer F.SilkS) (width 0.12))
    (fp_circle (center 1.27 0) (end 2.77 0) (layer F.Fab) (width 0.1))
    (fp_line (start -0.23 -1.16619) (end -0.23 1.16619) (layer F.Fab) (width 0.1))
    (fp_line (start -0.29 -1.236) (end -0.29 -1.08) (layer F.SilkS) (width 0.12))
    (fp_line (start -0.29 1.08) (end -0.29 1.236) (layer F.SilkS) (width 0.12))
    (fp_line (start -1.15 -2.25) (end -1.15 2.25) (layer F.CrtYd) (width 0.05))
    (fp_line (start -1.15 2.25) (end 3.7 2.25) (layer F.CrtYd) (width 0.05))
    (fp_line (start 3.7 2.25) (end 3.7 -2.25) (layer F.CrtYd) (width 0.05))
    (fp_line (start 3.7 -2.25) (end -1.15 -2.25) (layer F.CrtYd) (width 0.05))
    (pad 1 thru_hole rect (at 0 0) (size 1.8 1.8) (drill 0.9) (layers *.Cu *.Mask)
      (net 7 GND))
    (pad 2 thru_hole circle (at 2.54 0) (size 1.8 1.8) (drill 0.9) (layers *.Cu *.Mask)
      (net 32 "Net-(D29-Pad2)"))
    (model ${KISYS3DMOD}/LED_THT.3dshapes/LED_D3.0mm.wrl
      (at (xyz 0 0 0))
      (scale (xyz 1 1 1))
      (rotate (xyz 0 0 0))
    )
  )

  (module LED_THT:LED_D3.0mm (layer F.Cu) (tedit 587A3A7B) (tstamp 5BFC7E70)
    (at 171.985001 93.775001)
    (descr "LED, diameter 3.0mm, 2 pins")
    (tags "LED diameter 3.0mm 2 pins")
    (path /5D634FC4)
    (fp_text reference D30 (at 1.27 -2.96) (layer F.SilkS)
      (effects (font (size 1 1) (thickness 0.15)))
    )
    (fp_text value LED (at 1.27 2.96) (layer F.Fab)
      (effects (font (size 1 1) (thickness 0.15)))
    )
    (fp_arc (start 1.27 0) (end -0.23 -1.16619) (angle 284.3) (layer F.Fab) (width 0.1))
    (fp_arc (start 1.27 0) (end -0.29 -1.235516) (angle 108.8) (layer F.SilkS) (width 0.12))
    (fp_arc (start 1.27 0) (end -0.29 1.235516) (angle -108.8) (layer F.SilkS) (width 0.12))
    (fp_arc (start 1.27 0) (end 0.229039 -1.08) (angle 87.9) (layer F.SilkS) (width 0.12))
    (fp_arc (start 1.27 0) (end 0.229039 1.08) (angle -87.9) (layer F.SilkS) (width 0.12))
    (fp_circle (center 1.27 0) (end 2.77 0) (layer F.Fab) (width 0.1))
    (fp_line (start -0.23 -1.16619) (end -0.23 1.16619) (layer F.Fab) (width 0.1))
    (fp_line (start -0.29 -1.236) (end -0.29 -1.08) (layer F.SilkS) (width 0.12))
    (fp_line (start -0.29 1.08) (end -0.29 1.236) (layer F.SilkS) (width 0.12))
    (fp_line (start -1.15 -2.25) (end -1.15 2.25) (layer F.CrtYd) (width 0.05))
    (fp_line (start -1.15 2.25) (end 3.7 2.25) (layer F.CrtYd) (width 0.05))
    (fp_line (start 3.7 2.25) (end 3.7 -2.25) (layer F.CrtYd) (width 0.05))
    (fp_line (start 3.7 -2.25) (end -1.15 -2.25) (layer F.CrtYd) (width 0.05))
    (pad 1 thru_hole rect (at 0 0) (size 1.8 1.8) (drill 0.9) (layers *.Cu *.Mask)
      (net 7 GND))
    (pad 2 thru_hole circle (at 2.54 0) (size 1.8 1.8) (drill 0.9) (layers *.Cu *.Mask)
      (net 33 "Net-(D30-Pad2)"))
    (model ${KISYS3DMOD}/LED_THT.3dshapes/LED_D3.0mm.wrl
      (at (xyz 0 0 0))
      (scale (xyz 1 1 1))
      (rotate (xyz 0 0 0))
    )
  )

  (module LED_THT:LED_D3.0mm (layer F.Cu) (tedit 587A3A7B) (tstamp 5BFC7E83)
    (at 145.905001 114.825001)
    (descr "LED, diameter 3.0mm, 2 pins")
    (tags "LED diameter 3.0mm 2 pins")
    (path /5DA0C788)
    (fp_text reference D31 (at 1.27 -2.96) (layer F.SilkS)
      (effects (font (size 1 1) (thickness 0.15)))
    )
    (fp_text value LED (at 1.27 2.96) (layer F.Fab)
      (effects (font (size 1 1) (thickness 0.15)))
    )
    (fp_line (start 3.7 -2.25) (end -1.15 -2.25) (layer F.CrtYd) (width 0.05))
    (fp_line (start 3.7 2.25) (end 3.7 -2.25) (layer F.CrtYd) (width 0.05))
    (fp_line (start -1.15 2.25) (end 3.7 2.25) (layer F.CrtYd) (width 0.05))
    (fp_line (start -1.15 -2.25) (end -1.15 2.25) (layer F.CrtYd) (width 0.05))
    (fp_line (start -0.29 1.08) (end -0.29 1.236) (layer F.SilkS) (width 0.12))
    (fp_line (start -0.29 -1.236) (end -0.29 -1.08) (layer F.SilkS) (width 0.12))
    (fp_line (start -0.23 -1.16619) (end -0.23 1.16619) (layer F.Fab) (width 0.1))
    (fp_circle (center 1.27 0) (end 2.77 0) (layer F.Fab) (width 0.1))
    (fp_arc (start 1.27 0) (end 0.229039 1.08) (angle -87.9) (layer F.SilkS) (width 0.12))
    (fp_arc (start 1.27 0) (end 0.229039 -1.08) (angle 87.9) (layer F.SilkS) (width 0.12))
    (fp_arc (start 1.27 0) (end -0.29 1.235516) (angle -108.8) (layer F.SilkS) (width 0.12))
    (fp_arc (start 1.27 0) (end -0.29 -1.235516) (angle 108.8) (layer F.SilkS) (width 0.12))
    (fp_arc (start 1.27 0) (end -0.23 -1.16619) (angle 284.3) (layer F.Fab) (width 0.1))
    (pad 2 thru_hole circle (at 2.54 0) (size 1.8 1.8) (drill 0.9) (layers *.Cu *.Mask)
      (net 34 "Net-(D31-Pad2)"))
    (pad 1 thru_hole rect (at 0 0) (size 1.8 1.8) (drill 0.9) (layers *.Cu *.Mask)
      (net 7 GND))
    (model ${KISYS3DMOD}/LED_THT.3dshapes/LED_D3.0mm.wrl
      (at (xyz 0 0 0))
      (scale (xyz 1 1 1))
      (rotate (xyz 0 0 0))
    )
  )

  (module LED_THT:LED_D3.0mm (layer F.Cu) (tedit 587A3A7B) (tstamp 5BFC7E96)
    (at 140.895001 128.075001)
    (descr "LED, diameter 3.0mm, 2 pins")
    (tags "LED diameter 3.0mm 2 pins")
    (path /5DA0C7A1)
    (fp_text reference D32 (at 1.27 -2.96) (layer F.SilkS)
      (effects (font (size 1 1) (thickness 0.15)))
    )
    (fp_text value LED (at 1.27 2.96) (layer F.Fab)
      (effects (font (size 1 1) (thickness 0.15)))
    )
    (fp_line (start 3.7 -2.25) (end -1.15 -2.25) (layer F.CrtYd) (width 0.05))
    (fp_line (start 3.7 2.25) (end 3.7 -2.25) (layer F.CrtYd) (width 0.05))
    (fp_line (start -1.15 2.25) (end 3.7 2.25) (layer F.CrtYd) (width 0.05))
    (fp_line (start -1.15 -2.25) (end -1.15 2.25) (layer F.CrtYd) (width 0.05))
    (fp_line (start -0.29 1.08) (end -0.29 1.236) (layer F.SilkS) (width 0.12))
    (fp_line (start -0.29 -1.236) (end -0.29 -1.08) (layer F.SilkS) (width 0.12))
    (fp_line (start -0.23 -1.16619) (end -0.23 1.16619) (layer F.Fab) (width 0.1))
    (fp_circle (center 1.27 0) (end 2.77 0) (layer F.Fab) (width 0.1))
    (fp_arc (start 1.27 0) (end 0.229039 1.08) (angle -87.9) (layer F.SilkS) (width 0.12))
    (fp_arc (start 1.27 0) (end 0.229039 -1.08) (angle 87.9) (layer F.SilkS) (width 0.12))
    (fp_arc (start 1.27 0) (end -0.29 1.235516) (angle -108.8) (layer F.SilkS) (width 0.12))
    (fp_arc (start 1.27 0) (end -0.29 -1.235516) (angle 108.8) (layer F.SilkS) (width 0.12))
    (fp_arc (start 1.27 0) (end -0.23 -1.16619) (angle 284.3) (layer F.Fab) (width 0.1))
    (pad 2 thru_hole circle (at 2.54 0) (size 1.8 1.8) (drill 0.9) (layers *.Cu *.Mask)
      (net 35 "Net-(D32-Pad2)"))
    (pad 1 thru_hole rect (at 0 0) (size 1.8 1.8) (drill 0.9) (layers *.Cu *.Mask)
      (net 7 GND))
    (model ${KISYS3DMOD}/LED_THT.3dshapes/LED_D3.0mm.wrl
      (at (xyz 0 0 0))
      (scale (xyz 1 1 1))
      (rotate (xyz 0 0 0))
    )
  )

  (module LED_THT:LED_D3.0mm (layer F.Cu) (tedit 587A3A7B) (tstamp 5BFC7EA9)
    (at 164.735001 102.625001)
    (descr "LED, diameter 3.0mm, 2 pins")
    (tags "LED diameter 3.0mm 2 pins")
    (path /5DA0C7BC)
    (fp_text reference D33 (at 1.27 -2.96) (layer F.SilkS)
      (effects (font (size 1 1) (thickness 0.15)))
    )
    (fp_text value LED (at 1.27 2.96) (layer F.Fab)
      (effects (font (size 1 1) (thickness 0.15)))
    )
    (fp_arc (start 1.27 0) (end -0.23 -1.16619) (angle 284.3) (layer F.Fab) (width 0.1))
    (fp_arc (start 1.27 0) (end -0.29 -1.235516) (angle 108.8) (layer F.SilkS) (width 0.12))
    (fp_arc (start 1.27 0) (end -0.29 1.235516) (angle -108.8) (layer F.SilkS) (width 0.12))
    (fp_arc (start 1.27 0) (end 0.229039 -1.08) (angle 87.9) (layer F.SilkS) (width 0.12))
    (fp_arc (start 1.27 0) (end 0.229039 1.08) (angle -87.9) (layer F.SilkS) (width 0.12))
    (fp_circle (center 1.27 0) (end 2.77 0) (layer F.Fab) (width 0.1))
    (fp_line (start -0.23 -1.16619) (end -0.23 1.16619) (layer F.Fab) (width 0.1))
    (fp_line (start -0.29 -1.236) (end -0.29 -1.08) (layer F.SilkS) (width 0.12))
    (fp_line (start -0.29 1.08) (end -0.29 1.236) (layer F.SilkS) (width 0.12))
    (fp_line (start -1.15 -2.25) (end -1.15 2.25) (layer F.CrtYd) (width 0.05))
    (fp_line (start -1.15 2.25) (end 3.7 2.25) (layer F.CrtYd) (width 0.05))
    (fp_line (start 3.7 2.25) (end 3.7 -2.25) (layer F.CrtYd) (width 0.05))
    (fp_line (start 3.7 -2.25) (end -1.15 -2.25) (layer F.CrtYd) (width 0.05))
    (pad 1 thru_hole rect (at 0 0) (size 1.8 1.8) (drill 0.9) (layers *.Cu *.Mask)
      (net 7 GND))
    (pad 2 thru_hole circle (at 2.54 0) (size 1.8 1.8) (drill 0.9) (layers *.Cu *.Mask)
      (net 36 "Net-(D33-Pad2)"))
    (model ${KISYS3DMOD}/LED_THT.3dshapes/LED_D3.0mm.wrl
      (at (xyz 0 0 0))
      (scale (xyz 1 1 1))
      (rotate (xyz 0 0 0))
    )
  )

  (module LED_THT:LED_D3.0mm (layer F.Cu) (tedit 587A3A7B) (tstamp 5BFC7EBC)
    (at 171.985001 89.225001)
    (descr "LED, diameter 3.0mm, 2 pins")
    (tags "LED diameter 3.0mm 2 pins")
    (path /5E5614F3)
    (fp_text reference D34 (at 1.27 -2.96) (layer F.SilkS)
      (effects (font (size 1 1) (thickness 0.15)))
    )
    (fp_text value LED (at 1.27 2.96) (layer F.Fab)
      (effects (font (size 1 1) (thickness 0.15)))
    )
    (fp_line (start 3.7 -2.25) (end -1.15 -2.25) (layer F.CrtYd) (width 0.05))
    (fp_line (start 3.7 2.25) (end 3.7 -2.25) (layer F.CrtYd) (width 0.05))
    (fp_line (start -1.15 2.25) (end 3.7 2.25) (layer F.CrtYd) (width 0.05))
    (fp_line (start -1.15 -2.25) (end -1.15 2.25) (layer F.CrtYd) (width 0.05))
    (fp_line (start -0.29 1.08) (end -0.29 1.236) (layer F.SilkS) (width 0.12))
    (fp_line (start -0.29 -1.236) (end -0.29 -1.08) (layer F.SilkS) (width 0.12))
    (fp_line (start -0.23 -1.16619) (end -0.23 1.16619) (layer F.Fab) (width 0.1))
    (fp_circle (center 1.27 0) (end 2.77 0) (layer F.Fab) (width 0.1))
    (fp_arc (start 1.27 0) (end 0.229039 1.08) (angle -87.9) (layer F.SilkS) (width 0.12))
    (fp_arc (start 1.27 0) (end 0.229039 -1.08) (angle 87.9) (layer F.SilkS) (width 0.12))
    (fp_arc (start 1.27 0) (end -0.29 1.235516) (angle -108.8) (layer F.SilkS) (width 0.12))
    (fp_arc (start 1.27 0) (end -0.29 -1.235516) (angle 108.8) (layer F.SilkS) (width 0.12))
    (fp_arc (start 1.27 0) (end -0.23 -1.16619) (angle 284.3) (layer F.Fab) (width 0.1))
    (pad 2 thru_hole circle (at 2.54 0) (size 1.8 1.8) (drill 0.9) (layers *.Cu *.Mask)
      (net 37 "Net-(D34-Pad2)"))
    (pad 1 thru_hole rect (at 0 0) (size 1.8 1.8) (drill 0.9) (layers *.Cu *.Mask)
      (net 7 GND))
    (model ${KISYS3DMOD}/LED_THT.3dshapes/LED_D3.0mm.wrl
      (at (xyz 0 0 0))
      (scale (xyz 1 1 1))
      (rotate (xyz 0 0 0))
    )
  )

  (module LED_THT:LED_D3.0mm (layer F.Cu) (tedit 587A3A7B) (tstamp 5BFC7ECF)
    (at 157.725001 107.415001)
    (descr "LED, diameter 3.0mm, 2 pins")
    (tags "LED diameter 3.0mm 2 pins")
    (path /5EB22C24)
    (fp_text reference D35 (at 1.27 -2.96) (layer F.SilkS)
      (effects (font (size 1 1) (thickness 0.15)))
    )
    (fp_text value LED (at 1.27 2.96) (layer F.Fab)
      (effects (font (size 1 1) (thickness 0.15)))
    )
    (fp_arc (start 1.27 0) (end -0.23 -1.16619) (angle 284.3) (layer F.Fab) (width 0.1))
    (fp_arc (start 1.27 0) (end -0.29 -1.235516) (angle 108.8) (layer F.SilkS) (width 0.12))
    (fp_arc (start 1.27 0) (end -0.29 1.235516) (angle -108.8) (layer F.SilkS) (width 0.12))
    (fp_arc (start 1.27 0) (end 0.229039 -1.08) (angle 87.9) (layer F.SilkS) (width 0.12))
    (fp_arc (start 1.27 0) (end 0.229039 1.08) (angle -87.9) (layer F.SilkS) (width 0.12))
    (fp_circle (center 1.27 0) (end 2.77 0) (layer F.Fab) (width 0.1))
    (fp_line (start -0.23 -1.16619) (end -0.23 1.16619) (layer F.Fab) (width 0.1))
    (fp_line (start -0.29 -1.236) (end -0.29 -1.08) (layer F.SilkS) (width 0.12))
    (fp_line (start -0.29 1.08) (end -0.29 1.236) (layer F.SilkS) (width 0.12))
    (fp_line (start -1.15 -2.25) (end -1.15 2.25) (layer F.CrtYd) (width 0.05))
    (fp_line (start -1.15 2.25) (end 3.7 2.25) (layer F.CrtYd) (width 0.05))
    (fp_line (start 3.7 2.25) (end 3.7 -2.25) (layer F.CrtYd) (width 0.05))
    (fp_line (start 3.7 -2.25) (end -1.15 -2.25) (layer F.CrtYd) (width 0.05))
    (pad 1 thru_hole rect (at 0 0) (size 1.8 1.8) (drill 0.9) (layers *.Cu *.Mask)
      (net 7 GND))
    (pad 2 thru_hole circle (at 2.54 0) (size 1.8 1.8) (drill 0.9) (layers *.Cu *.Mask)
      (net 38 "Net-(D35-Pad2)"))
    (model ${KISYS3DMOD}/LED_THT.3dshapes/LED_D3.0mm.wrl
      (at (xyz 0 0 0))
      (scale (xyz 1 1 1))
      (rotate (xyz 0 0 0))
    )
  )

  (module LED_THT:LED_D5.0mm-4_RGB (layer F.Cu) (tedit 5B74EEBE) (tstamp 5BFC7EE5)
    (at 129.035001 125.675001)
    (descr "LED, diameter 5.0mm, 2 pins, diameter 5.0mm, 3 pins, diameter 5.0mm, 4 pins, http://www.kingbright.com/attachments/file/psearch/000/00/00/L-154A4SUREQBFZGEW(Ver.9A).pdf")
    (tags "LED diameter 5.0mm 2 pins diameter 5.0mm 3 pins diameter 5.0mm 4 pins RGB RGBLED")
    (path /5BF63F29)
    (fp_text reference D36 (at 1.905 -3.96) (layer F.SilkS)
      (effects (font (size 1 1) (thickness 0.15)))
    )
    (fp_text value LED_CRGB (at 1.905 3.96) (layer F.Fab)
      (effects (font (size 1 1) (thickness 0.15)))
    )
    (fp_arc (start 1.905 0) (end -0.595 -1.469694) (angle 299.1) (layer F.Fab) (width 0.1))
    (fp_arc (start 1.905 0) (end -0.655 -1.54483) (angle 127.7) (layer F.SilkS) (width 0.12))
    (fp_arc (start 1.905 0) (end -0.655 1.54483) (angle -127.7) (layer F.SilkS) (width 0.12))
    (fp_arc (start 1.905 0) (end -0.349684 -1.08) (angle 128.8) (layer F.SilkS) (width 0.12))
    (fp_arc (start 1.905 0) (end -0.349684 1.08) (angle -128.8) (layer F.SilkS) (width 0.12))
    (fp_circle (center 1.905 0) (end 4.405 0) (layer F.Fab) (width 0.1))
    (fp_line (start -0.595 -1.469694) (end -0.595 1.469694) (layer F.Fab) (width 0.1))
    (fp_line (start -0.655 -1.545) (end -0.655 -1.08) (layer F.SilkS) (width 0.12))
    (fp_line (start -0.655 1.08) (end -0.655 1.545) (layer F.SilkS) (width 0.12))
    (fp_line (start -1.35 -3.25) (end -1.35 3.25) (layer F.CrtYd) (width 0.05))
    (fp_line (start -1.35 3.25) (end 5.15 3.25) (layer F.CrtYd) (width 0.05))
    (fp_line (start 5.15 3.25) (end 5.15 -3.25) (layer F.CrtYd) (width 0.05))
    (fp_line (start 5.15 -3.25) (end -1.35 -3.25) (layer F.CrtYd) (width 0.05))
    (fp_text user %R (at 1.905 -3.96) (layer F.Fab)
      (effects (font (size 1 1) (thickness 0.15)))
    )
    (pad 1 thru_hole rect (at 0 0) (size 1.07 1.8) (drill 0.9) (layers *.Cu *.Mask)
      (net 7 GND))
    (pad 2 thru_hole oval (at 1.27 0) (size 1.07 1.8) (drill 0.9) (layers *.Cu *.Mask)
      (net 39 "Net-(D36-Pad2)"))
    (pad 3 thru_hole oval (at 2.54 0) (size 1.07 1.8) (drill 0.9) (layers *.Cu *.Mask)
      (net 40 "Net-(D36-Pad3)"))
    (pad 4 thru_hole oval (at 3.81 0) (size 1.07 1.8) (drill 0.9) (layers *.Cu *.Mask)
      (net 41 "Net-(D36-Pad4)"))
    (model ${KISYS3DMOD}/LED_THT.3dshapes/LED_D5.0mm-4_RGB.wrl
      (at (xyz 0 0 0))
      (scale (xyz 1 1 1))
      (rotate (xyz 0 0 0))
    )
  )

  (module LED_THT:LED_D3.0mm (layer F.Cu) (tedit 587A3A7B) (tstamp 5BFC7EF8)
    (at 140.895001 123.525001)
    (descr "LED, diameter 3.0mm, 2 pins")
    (tags "LED diameter 3.0mm 2 pins")
